1574024435086282752
1573687449091334144
1573664065737879552
1573318593286381571
1573944054777544704
1574006350585028608
1574016173867352064
1573950847754829824
1574089943085096960
1574102129706672128
1573976718917804032
1574180284157001729
1574005155095228416
1574030206041755653
1573987243869413379
1574031554539847680
1573975605762064385
1574005841048399872
1573927014767030272
1574012746747629571
1574059736743321600
1573980267227668483
1574038375446634501
1574064332606173184
1573695318587486208
1573726287360917504
1573970427050745856
1573869903920041985
1573987427328237569
1573687879934824448
1573959538247577603
1573951200117940224
1573919316055150594
1571443105584525312
1573886058118676480
1573858960435617801
1573907972727918592
1573601326067425281
1573661641429827585
1573650865088765952
1573621120145985537
1573633598909198337
1573688314326315010
1573737516863090689
1573871247582117888
1573689611066675200
1573834470805098496
1573688708712128512
1573691248480641024
1573673412631076864
1573700562750611458
1573695322722664448
1573689337287704576
1573594061058867201
1573688340112494593
1573689205813030914
1573703131946373121
1573704350803062784
1573687925606612993
1573221998440087552
1573689482012160000
1573688839243108352
1573688499852623872
1573687745830350848
1573689372880171008
1573628313154641921
1573708911542050816
1573689922258866176
1573689007300493312
1573687868920598529
1573681376154759169
1573689203787169792
1573746644255838211
1573690669910044672
1573679579516272640
1573648823276437504
1573688514075820032
1573690050038026243
1573620513816993792
1573630037336592384
1573628309358854144
1573607761912692736
1559119544005799936
1573613213911986177
1573515371717758978
1573572797283979264
1573520469516775424
1573265934462029824
1573510392940089345
1573326579354456065
1573510563266600961
1573497801316929536
1554448242481709056
1573328765643792385
1573483972176228352
1573081342845255680
1573290192580284418
1573326672996306948
1573280048807030785
1573349527721234433
1573479856741879808
1573216631341387776
1573281037626576898
1573224890605662209
1573129554369314821
1566768411451215872
1567783288298938368
1573309157331050496
1573266151328874496
1573303957883351040
1573333737894543361
1573248955231916032
1573160859672903680
1573253446291329024
1573326332796506113
1573248027342798848
1555269850909577216
1570974583779463170
1571602473726447616
1573042659693772801
1573279731315003392
1572966442752180224
1573240268941586432
1572964036572246016
1573153729603588098
1573074378929369088
1572965190462627841
1572964511115378688
1573209686262059008
1573173947226820608
1573179826118488064
1573134579627483136
1572963966401523714
1573114871415447552
1572877374160764929
1573158179512668161
1572963952426110976
1573135250187866118
1573166855631835139
1572986821239312387
1572987839272263680
1572890464042176512
1573077933274828800
1572890425790038016
1573117462346072065
1572997503880142849
1574335243313893376
1574339426313854976
1574353252099174400
1574009805189959681
1574332426205085697
1574059029365547008
1573948584185118720
1573687449091334144
1573691153819766790
1574046679820402689
1574017357365714946
1573987243869413379
1573976718917804032
1574102129706672128
1574059736743321600
1573690931752075267
1573688720427032576
1574316508280672256
1574084654126157825
1573994600507011072
1574061016505147392
1574180284157001729
1574004016664616960
1574006202035339264
1574012746747629571
1574026210610671616
1573975605762064385
1573873680651677697
1573987427328237569
1573687879934824448
1573980267227668483
1573834470805098496
1573737516863090689
1573688303018119168
1573621172335349760
1573688340112494593
1573690050038026243
1573620513816993792
1573841805585436673
1573628313154641921
1573697632198791170
1573661641429827585
1573688314326315010
1573919316055150594
1573688455799906306
1573688666857226242
1573689761159446529
1573695318587486208
1573687925606612993
1573951200117940224
1573689205813030914
1573961505456164865
1573703131946373121
1573689203787169792
1573689611066675200
1573687745830350848
1573689007300493312
1573691248480641024
1573648823276437504
1573693779227336704
1573944054777544704
1573858960435617801
1573907972727918592
1573681376154759169
1573645730169749504
1573760964373008384
1573688514075820032
1573607761912692736
1573574131156541440
1573510392940089345
1573265932259971072
1573263445130383360
1573266151328874496
1573227939520741377
1573279731315003392
1573305669436014592
1573310928770240514
1573160859672903680
1573255855465648128
1573134579627483136
1573117462346072065
1572890464042176512
1573021501644996609
1572970995501375488
1572431152962760706
1572878511752482822
1573064683812450304
1572137563074461696
1572200424790454273
1572168116754587649
1572178051513085955
1572172545625063431
1572038798242123778
1571981508734517249
1571851664860286978
1571888774451429376
1571823919748751360
1571854924576886785
1571763622111739904
1571780085610614785
1571843227736739842
1571813210709438464
1571847852804177924
1571786022232662016
1571493404630200320
1571665534302973952
1571426281513943043
1568903738064261120
